groupID=RIFF
fileSize=28830
riffType=WAVE
chunkID=fmt 
wformatTag=1
wChannels=1
dwSamplesPerSec=8000
dwAvgBytesPerSec=16000
wBlockAlign=2
wBitsPerSample=16
dataID=data
chunkSize=26080
E 303740.969581 

Tam: 13040
Tamaño: 1
W=[ -9; -21; -7; 11; 5; -24; -58; -19; -56; -7; 12; -19; 10; 14; -9; 26; 28; 25; 39; 32; 47; 44; 35; 69; 85; 69; 73; 24; 37; 75; 43; 51; 44; 19; 82; 55; 36; 9; 26; 57; 37; 13; 34; 46; 43; 110; 102; 98; 95; 69; 86; 56; 72; 57; 79; 113; 44; 41; 32; 63; 58; 39; 57; 16; 10; 53; 40; 19; 9; 30; 27; -4; -23; -10; -18; -14; 21; -17; -11; -47; -38; -9; -1; -14; -7; -30; -72; -76; -58; -20; -24; -13; -33; -45; -18; -52; -73; -44; -67; -74; -94; -83; -86; -95; -75; -82; -92; -75; -82; -65; -54; -92; -55; -62; -45; -34; -22; -45; -56; -70; -84; -49; -89; -60; -47; -56; -41; -49; -40; -27; -40; -15; -6; 0; 9; 28; 48; 24; 9; 26; 43; 53; 69; 29; 11; 24; 32; 28; 47; 43; 47; 68; 52; 49; 98; 105; 135; 145; 88; 107; 73; 97; 66; 86; 78; 20; 19; 40; 79; 59; 82; 71; 83; 102; 101; 81; 83; 82; 69; 62; 38; 17; 54; 90; 56; 69; -6; -7; 4; -27; -19; -52; -73; -82; -63; -39; -34; -27; -44; -15; -1; -4; 8; -29; -39; -46; -50; -74; -67; -48; -22; -60; -68; -62; -78; -33; -57; -20; -45; -71; -92; -80; -54; -85; -49; -60; -83; -53; -73; -75; -43; -83; -48; -21; -26; -38; -32; -38; -55; -52; -64; -37; 1; -45; -32; -43; -102; -52; -14; 5; 11; 17; 6; 24; 21; 11; 6; 2; 23; 8; -16; -27; 4; 21; 6; 6; 5; 2; 37; 53; 52; 3; -32; -2; -2; -22; -16; -1; -4; 0; 41; 13; 15; 7; 7; 7; -6; -1; -10; 11; -1; 0; -16; -18; -31; -33; -16; -41; -55; -47; -24; 1; -8; -20; -27; -17; -8; -15; -21; -58; -51; -66; -69; -78; -95; -19; -69; -28; -25; -41; -12; -55; -25; -9; 19; -14; -27; 15; -7; 31; 16; 50; 73; 49; 60; 51; 52; 48; 42; 50; 54; 74; 97; 93; 85; 74; 67; 74; 80; 90; 102; 95; 132; 124; 88; 66; 60; 27; 67; 86; 114; 118; 132; 94; 66; 115; 86; 83; 87; 93; 61; 105; 106; 101; 101; 78; 67; 66; 66; 64; 74; 16; 57; 81; 42; 51; 58; 31; 58; 21; 36; 38; 7; 12; -6; -12; -3; 49; 11; -17; 14; 30; -1; -29; 0; -21; -58; -58; -18; -7; -33; -28; -18; -32; -32; -10; 0; -13; -21; -16; -55; -49; -81; -65; -49; -66; -69; -61; -30; -27; -39; -27; -9; -47; -50; -6; -1; -34; -40; -45; -20; -1; -47; -60; -45; -45; -46; -41; -40; -41; -50; -34; -22; 14; -3; -10; 15; 12; 1; -25; 18; 50; 19; 19; 72; 54; 27; 21; 7; 38; 63; 50; 55; 38; 22; 53; 68; 58; 55; 59; 56; 67; 50; 44; 44; -1; -16; 3; 21; 22; 32; 57; 76; 11; 17; 12; -3; 21; 5; 40; 30; 9; 19; 27; 47; 25; -36; -14; -17; -66; -24; -16; -41; -43; -29; -38; -25; -65; -65; -38; -57; -64; -43; -37; -56; -89; -50; -85; -103; -100; -93; -66; -101; -76; -52; -50; -35; 2; -21; -56; -51; -14; -11; -14; -17; 10; 5; 19; 25; 19; 28; -14; -10; -13; 8; 23; -2; 38; 28; 4; 30; 28; 48; 44; 32; 37; 13; 26; 55; 72; 36; 26; 40; 69; 50; 46; 53; 75; 81; 53; 62; 78; 72; 58; 101; 96; 118; 104; 72; 78; 83; 55; -3; 10; 16; 16; 44; 29; 10; -5; 18; 11; 19; 33; 20; -5; -17; -1; -15; -3; -9; -21; -25; -41; -29; -26; -20; -12; -65; -58; -10; -53; -53; -24; -63; -38; -40; -65; -92; -72; -52; -69; -67; -58; -104; -151; -111; -108; -81; -102; -98; -56; -83; -93; -39; -84; -129; -75; -52; -81; -69; -44; -83; -93; -64; -81; -76; -76; -59; -29; -22; -31; -37; -1; 10; -26; -21; 10; 42; 31; 3; 26; 2; 11; 22; 23; 30; 21; 30; 20; 23; 67; 61; 92; 87; 76; 46; 55; 74; 52; 74; 85; 120; 105; 70; 51; 65; 75; 31; 72; 83; 32; 66; 32; 43; 47; 68; 41; 11; 36; 6; 11; -10; 16; -10; -10; 20; 3; -6; -20; -2; -11; -21; -16; 7; -47; -55; 7; -12; -21; -8; -27; -32; -12; -23; 12; -11; -2; -12; -17; -13; -36; -32; -5; -31; -43; -1; 6; 20; 26; 9; -25; 5; -6; -3; 1; 0; 25; 17; 10; 27; 0; 5; 34; 49; 38; 27; 46; 19; 3; -9; -16; 8; 4; 4; 18; 1; -19; -26; -21; 12; -12; 13; 17; 44; 34; 33; 45; 13; 33; 13; 56; 74; 100; 105; 78; 84; 105; 99; 84; 73; 76; 62; 20; 22; 24; -26; -10; -7; -13; 5; -32; -52; -10; -41; -31; -2; -14; 22; 2; 21; 43; 3; 3; -14; -11; -26; -52; -35; -40; -19; -16; -16; -7; -23; -39; -31; -18; -5; -27; -30; -34; -28; -37; -31; -57; -64; -77; -80; -54; -82; -75; -109; -58; -53; -95; -55; -65; -73; -75; -54; -45; -60; -30; -19; -4; -30; -11; -5; -24; -29; -28; 2; -7; 27; 16; -14; -42; -25; 7; 5; 15; 45; 17; 31; 35; -48; -20; 27; 23; -18; 9; 14; 1; 1; 12; 38; 44; 44; 23; 44; 44; 20; 38; 26; 18; -3; 25; 18; 5; 21; -8; -53; -5; 25; 36; 68; 35; 33; 37; -3; -29; -27; -9; -1; 9; -30; -21; -41; -31; -46; -34; 1; -19; 1; -36; -25; -48; -59; -84; -83; -31; -57; -59; -33; -12; -21; -42; -26; -44; -23; -69; -50; -38; -79; -77; -45; -65; -47; -35; -8; -32; -42; 18; -2; 13; -56; 20; 11; -25; 23; -24; -11; 9; 25; 23; 2; -1; 12; 22; 29; 62; 30; 7; 14; 18; 36; 71; 88; 36; 40; 58; 59; 49; -9; -7; -1; 2; 58; 62; 41; 29; 60; 89; 90; 104; 96; 101; 106; 97; 115; 119; 92; 88; 92; 43; 82; 99; 85; 77; 69; 85; 90; 84; 56; 80; 102; 61; 77; 73; 45; 42; 38; 35; 48; 26; -2; -2; 21; 9; -12; 4; 4; 6; -2; -26; -34; -33; -82; -55; -47; -46; -28; -34; -29; -35; -42; -44; -52; -48; -76; -70; -70; -79; -70; -72; -35; -37; -34; 14; -16; -37; -28; -47; -45; -23; -7; 0; -24; -5; -15; -20; -27; -35; 6; -3; -26; 1; -4; -9; 0; -43; -24; -41; -10; -6; -17; -22; -5; -14; -6; -5; -16; -37; -10; 12; -21; 8; 3; -6; -17; 12; 24; 10; 9; 1; 26; -5; -3; 35; 11; -9; -4; 3; -39; -29; -35; 2; 6; 13; 1; -10; 11; -20; -6; -46; -33; -34; -14; 15; 1; -1; -6; 23; -4; -10; -58; -61; -17; -28; -34; -52; -75; -73; -67; -94; -68; -83; -99; -58; -61; -57; -59; -67; -89; -73; -49; -96; -78; -55; -62; -76; -100; -135; -88; -50; -66; -43; -20; -37; -29; -8; -20; 0; -24; -17; 1; 7; -8; 19; 4; 6; 56; 18; 40; 56; 37; 66; 60; 66; 63; 78; 111; 118; 87; 79; 70; 84; 95; 106; 80; 108; 116; 75; 96; 95; 109; 95; 106; 112; 136; 164; 143; 107; 132; 133; 135; 142; 130; 123; 146; 132; 98; 84; 94; 133; 101; 124; 132; 77; 94; 102; 104; 96; 80; 111; 113; 118; 107; 96; 116; 67; 48; 62; 43; 48; 43; 45; 43; 40; 50; 58; 74; 81; 37; 39; 35; 27; 20; 34; 17; -56; -23; -18; -44; -6; 17; 7; -16; -21; -19; -11; -41; -57; -24; -52; -80; -53; -46; -59; -51; -39; -42; -43; -21; -63; -83; -59; -79; -68; -84; -51; -44; -49; -44; -48; -52; -22; -18; -41; -26; -47; -11; -35; -29; -23; -33; -75; -67; -9; -33; -22; -32; -11; -29; -43; -14; -15; 19; 8; -14; -6; 6; -10; 8; 1; -15; 5; 20; 29; 4; -20; -36; -22; -31; -80; -61; -61; -83; -53; -46; -46; -66; -60; -64; -65; -69; -99; -59; -57; -72; -86; -92; -94; -98; -99; -134; -117; -83; -75; -78; -99; -77; -77; -69; -58; -93; -48; -75; -75; -82; -105; -90; -98; -37; -32; -30; -31; -31; 6; 33; -7; -34; -2; 8; 21; 8; 15; 36; 50; 59; 15; 12; 29; -4; 26; 20; 18; 72; 65; 48; 75; 79; 62; 101; 92; 99; 124; 71; 117; 109; 87; 117; 93; 100; 138; 162; 149; 126; 122; 76; 65; 107; 83; 122; 159; 103; 85; 98; 88; 87; 111; 107; 80; 89; 25; 49; 59; 49; 105; 32; 93; 107; 60; 49; 49; 52; 19; 55; 56; 59; 60; 62; 28; 32; 77; 17; 7; -3; 25; 23; -12; 9; -21; 0; -6; -21; -10; 7; 80; 112; 234; 201; 29; -77; -57; -15; -65; -102; -51; 9; -13; -51; -55; -21; -80; -180; -172; -84; -86; -155; -147; -116; -149; -212; -194; -168; -230; -298; -259; -203; -190; -193; -156; -74; -68; -93; -73; -64; -38; -33; -47; -27; -19; -19; -4; 47; 92; 62; 33; 61; 66; 37; 33; 61; 70; 75; 70; 75; 83; 69; 70; 59; 79; 34; 3; 30; 29; 35; 10; 50; 45; 23; 28; 2; 48; 60; 54; 62; 74; 18; -12; 38; -2; -6; -3; 3; 32; 34; 19; -44; -35; -44; -65; -31; -74; -62; -56; -65; -77; -68; -19; -73; -45; -65; -71; -54; -75; -61; -71; -69; -70; -55; -66; -101; -89; -67; -77; -31; 8; 4; -31; -20; -34; -34; -25; -51; 2; -45; -23; -8; -9; 24; 18; 38; 11; 48; 39; 21; 32; 53; 54; 25; 97; 75; 70; 79; 101; 104; 84; 82; 60; 30; 23; 33; 39; 68; -8; 6; 49; 68; 66; 10; 25; 32; 41; 42; 33; 46; 42; 45; 50; 58; 52; 38; 46; 64; 57; 10; 44; 31; 27; 32; 50; 49; 9; 24; 46; 44; 9; 39; 14; -12; 47; 51; 30; 38; 28; 27; 15; 19; -6; -3; -44; -46; -17; -59; -4; -8; -17; -1; -17; -58; -10; -4; -16; -25; -10; 9; -28; -32; -60; -3; -29; -26; -26; -44; -28; -14; -17; -24; -28; -57; -40; -19; -32; -29; -37; -33; -22; -21; -21; -73; -24; -20; 0; 7; -29; 38; 44; 40; 53; 52; 62; 54; 32; 21; 46; 52; 54; 34; 49; 44; 9; 42; 60; 63; 84; 86; 53; 65; 51; 5; 32; 91; 63; 62; 94; 60; 55; 84; 69; 98; 90; 54; 24; 17; 16; 12; 26; 18; 35; 15; -11; -7; -16; -27; -31; -4; -12; -45; -54; -25; -22; -53; -41; -95; -102; -69; -62; -82; -50; -62; -74; -46; -72; -79; -77; -83; -106; -129; -132; -146; -124; -116; -86; -58; -79; -92; -83; -61; -62; -61; -75; -96; -66; -53; -89; -80; -76; -56; -83; -93; -49; -36; -15; -38; -26; -45; -44; -12; -17; -25; -12; 27; -20; 0; -27; -37; -20; -28; -13; -1; -2; 24; -10; -65; -45; -51; -39; -34; -23; -17; 46; 62; 83; 113; 70; 96; 101; 75; 53; 70; 84; 86; 104; 77; 95; 123; 73; 121; 106; 55; 71; 49; 74; 64; 71; 87; 92; 70; -5; 30; 30; 19; 32; 49; 33; -2; 30; 24; 3; -52; -52; -31; -37; -43; -47; -36; -31; -42; -52; -82; -87; -70; -46; -80; -96; -49; -41; -51; -53; -44; -40; -62; -63; -38; -80; -60; -33; -50; -56; -21; -62; -63; -41; -99; -43; -34; 11; 35; 32; 35; 30; 18; 33; 103; 58; 81; 83; 40; 61; 50; 64; 122; 108; 184; 241; 157; 182; 162; 183; 220; 215; 155; 135; 103; 31; 11; 1; -1; -25; 5; -18; 10; 9; -12; -55; -46; -2; -38; -28; -46; -39; -56; -81; -64; -52; -80; -87; -70; -35; -65; -88; -50; 9; -18; -23; -15; -27; 2; -27; -31; -17; 3; 12; -5; 13; 17; -6; -2; 20; 14; -21; -17; -22; -44; -23; -26; -58; -81; -96; -88; -71; -74; -49; -35; -39; -30; -57; -84; -129; -113; -76; -71; -14; -21; -44; -11; -21; -36; -60; -30; -60; -83; -21; -37; -39; -35; -48; -35; -40; -47; -16; -37; -29; 1; -31; -39; -33; -39; -8; -8; 12; -12; -7; 9; -16; -19; 9; -12; -22; -1; -17; 9; 9; 30; 16; 58; 62; 64; 25; 3; 50; 63; 51; 38; 11; 17; 14; -16; -9; 17; 15; 27; -4; -50; -10; 8; 28; -25; 6; 42; 7; 20; -23; -49; -34; -23; -24; -10; -77; -82; -56; -78; -74; -149; -107; -96; -110; -100; -80; -77; -133; -90; -63; -67; -87; -111; -107; -132; -94; -89; -131; -107; -93; -59; -117; -141; -96; -78; -77; -74; -49; -86; -64; -13; -43; -80; -58; -18; -42; -70; -74; -56; -33; -9; -16; -33; -12; 15; 16; -6; -22; 41; 34; 32; 62; 35; 37; 34; 33; 67; 28; 54; 73; 65; 103; 129; 107; 67; 121; 95; 110; 103; 65; 88; 107; 153; 127; 114; 113; 97; 100; 80; 96; 92; 109; 105; 79; 63; 43; 11; 43; 62; 69; 64; 18; 6; 18; 42; 5; 10; 42; 18; 14; 31; 19; 34; 13; 10; 0; -34; -43; -39; 34; 12; -42; -21; -31; -29; -32; -49; -66; -77; -58; -70; -88; -87; -72; -62; -64; -88; -92; -69; -93; -89; -80; -51; -15; -19; -46; -62; -42; -25; -52; -60; -69; -23; 12; -5; -25; -25; 3; -30; -31; -22; 22; 7; 32; 28; -7; -1; 0; 10; 18; 17; 2; -3; 29; 52; 58; 38; 47; 68; 50; 80; 27; 56; 85; 52; 83; 39; 49; 25; 61; 115; 121; 115; 91; 108; 77; 101; 82; 92; 62; 56; 56; 53; 64; 43; 69; 37; 50; 32; 21; -22; -16; 20; 15; 2; 4; 3; 9; -9; -23; -3; -34; -20; -70; -53; -62; -50; -75; -73; -59; -95; -41; -61; -62; -31; -16; -53; -28; -25; -63; -50; -67; -52; -32; -44; -48; -27; -60; -35; -42; -70; -65; -100; -70; -70; -49; -29; -76; -79; -70; -60; -67; -29; -5; 52; -16; -45; -48; -55; -20; -54; -89; -124; -105; -69; -84; -77; -44; -73; -73; -52; -23; -5; 5; -2; 23; 47; -1; -1; 54; 43; 48; 40; 40; 28; 3; 7; 38; 38; 39; 55; 18; 17; 37; 56; 67; 69; 50; 27; -22; -29; -3; 14; 19; 3; 4; 35; 48; 35; 21; 31; 54; 17; 48; 19; 31; 28; -3; 2; -19; -79; -76; -45; -30; -27; -55; -75; -63; -48; -77; -60; -37; -50; -30; -41; -58; -29; -44; -82; -63; -68; -66; -56; -90; -67; -37; -40; -60; -52; -43; -54; -29; 7; -20; -13; -34; -17; 12; 12; 28; 3; 41; 32; -22; -5; 6; 19; 55; 35; 20; 19; 27; 33; 7; 44; 38; 59; 29; 30; 63; 17; 52; 91; 97; 70; 73; 92; 85; 72; 69; 59; 72; 89; 100; 78; 25; 74; 73; 58; 56; 71; 66; 105; 110; 92; 43; -9; 64; 86; 61; 31; 38; 30; 40; 1; 19; 31; 10; 21; 2; 11; 11; 11; -1; 9; 22; 6; -19; -25; -37; -23; -29; -100; -78; -35; -29; -50; -50; -18; 13; -39; -73; -84; -79; -37; -62; -81; -81; -86; -67; -56; -58; -47; -53; -55; -76; -45; -33; -52; -84; -96; -43; -63; -29; -25; -26; -34; -63; -71; -96; -46; -20; -14; -11; 7; 23; 1; -32; -1; 10; 9; 2; -7; -13; 5; 41; 52; 63; 22; 65; 59; 37; 74; 58; 46; 51; 53; 32; 39; 0; 1; 9; 46; 69; 37; 93; 104; 71; 66; 50; 80; 108; 31; 6; 13; -14; 0; 27; 20; 49; 60; 76; 30; 34; 41; 17; 10; 47; 41; 8; -24; -31; 21; -35; -58; -52; -31; -24; -24; -95; -129; -71; -49; -31; -55; -72; -89; -48; -87; -81; -74; -75; -62; -86; -114; -148; -119; -69; -82; -69; -42; -60; -43; -76; -30; -31; -64; -39; -8; -2; 0; 7; 36; 40; 33; 6; -27; -43; -37; -17; -25; -12; -10; 30; 27; 8; -5; -12; -7; 1; -12; 40; 18; 1; -3; -36; -13; -16; 22; -1; -27; -6; 6; 0; 31; 21; 27; 75; 19; 26; 9; -23; -4; -5; 11; -1; 10; -6; 33; -35; -40; -14; -18; 5; -16; -5; -5; 31; 35; -4; -39; 2; 12; 3; -27; -44; -35; -28; -37; -42; -112; -106; -41; -32; -28; -27; -64; -62; -35; -85; -45; -53; -40; -31; -39; -74; -99; -57; -56; -61; -90; -90; -60; -17; -30; -58; -62; -44; 26; -21; -10; -17; 3; 13; -13; 7; 28; 58; -1; 42; 53; 66; -11; -15; 32; 43; 34; 20; 0; 14; 39; 1; 82; 79; 81; 94; 127; 143; 123; 67; 69; 92; 138; 143; 63; 66; 88; 145; 117; 64; 80; 121; 119; 85; 66; 115; 117; 101; 77; 80; 82; 86; 109; 29; 24; 50; 30; 18; 64; 37; 33; 71; 16; 51; 36; 24; 16; 2; 31; -23; -74; -89; -85; -71; -70; -49; -27; -62; -80; -81; -41; -93; -90; -72; -92; -99; -85; -76; -87; -104; -100; -29; -72; -71; -102; -96; -83; -80; -83; -84; -122; -101; 2; -21; -74; -77; -29; -25; -119; -137; -136; -48; 7; 2; -15; -7; 36; -13; -31; -49; -13; -3; -32; -17; -23; -27; -22; -5; -51; -40; -1; 10; -21; -2; 34; 36; 61; 61; 65; 80; 127; 13; 33; 69; 47; 53; 90; 110; 57; 80; 48; 47; 42; 13; 42; 42; -6; -47; 15; 31; -26; -17; -28; 28; 8; -15; -9; -20; -47; -111; -130; -179; -145; -101; -59; -96; -113; -93; -123; -98; -101; -112; -118; -132; -101; -49; -62; -57; -113; -113; -128; -108; -64; -151; -145; -155; -132; -148; -152; -136; -148; -135; -132; -123; -150; -210; -196; -119; -77; -89; -121; -154; -115; -85; -99; -105; -57; -64; -53; -74; -112; -75; -84; -71; -22; -16; -22; 2; 28; 22; 57; 28; -9; 7; 124; 187; 116; 68; 60; 109; 119; 87; -4; -6; 36; 44; 18; 9; 45; 81; 104; 51; 36; 69; 57; 111; 77; 67; 92; 55; 43; 119; 112; 141; 95; 20; 84; 116; 119; 116; 136; 106; 37; -20; 61; 103; 15; -73; -47; 0; 5; -53; -41; 22; 64; 51; 31; 48; 62; 32; -37; -36; 16; 35; 45; 51; 61; 55; 15; -22; -57; -4; -36; -44; -50; -32; -6; -30; -9; 15; 17; -24; -15; -11; 10; 22; -20; -18; -5; -14; -37; -6; 24; 1; -18; 9; 43; 65; 45; 36; 71; 46; 40; 19; 10; 40; 55; 35; 3; 23; 43; 80; 25; -21; 35; 9; -36; -5; 19; 9; -12; -55; -6; 14; 12; 27; 21; 20; 37; 40; 38; 69; 80; 82; 46; 8; 28; 52; 15; -22; 13; 23; 52; 11; -29; -18; -14; 5; 6; -12; 38; 20; -6; -15; -24; -10; -53; -71; -67; 8; 10; -74; -67; -22; -13; -40; -81; -51; 31; 18; -28; -73; -79; 18; -3; -68; -112; -93; -10; -9; -81; -110; -54; -36; -55; -84; -77; -47; -49; -65; -58; -18; -12; -18; -50; -36; -37; -58; -51; -93; -91; -43; -29; -41; -9; 23; 37; -1; -4; 10; 0; -20; 44; 32; 13; 12; 8; 78; 39; 21; 19; 51; 78; 40; -3; 38; 66; 125; 96; 78; 91; 42; 71; 35; 31; 86; 106; 82; 58; 17; 55; 83; 109; 20; 17; -14; -18; 15; 28; 49; 29; 36; 24; 66; 32; 42; 35; 14; -6; -12; -18; -8; -27; -6; -25; -41; -8; -30; -15; -36; -52; -79; -16; 51; -53; -48; 12; 18; 18; -75; -111; -64; -64; -79; -116; -130; -86; -97; -81; -74; -94; -110; -80; -21; -43; -62; -47; -62; -9; 1; -17; -52; 1; -40; -95; -132; -77; -45; -41; -5; -51; -22; -46; 3; 5; 59; -17; -46; -18; 9; 50; 11; -8; 4; 19; 24; -11; -32; 30; 42; -12; -57; 7; 35; 69; 55; 23; 52; 88; 86; 69; 63; 77; 60; 86; 93; 47; 68; 20; 28; 40; 6; 27; 7; 0; 33; 35; 12; 7; 32; 38; -36; -23; 12; 76; 63; 8; 38; 3; 1; -27; -2; -14; -15; -50; -78; -46; -72; -44; -81; -76; -78; -45; -57; -60; -65; -10; -22; -56; -53; -63; 18; -26; -9; -86; -89; -55; -45; -7; -55; -67; -73; -59; -89; -84; -105; -114; -46; -27; -26; -39; -43; -17; 9; -22; -32; 7; -9; 17; 4; -50; -13; -25; -35; -7; -45; 1; 7; 25; 43; 5; -24; -5; 27; 10; 21; 20; 28; 29; 6; -29; -11; 5; 4; 0; 36; 8; -32; -24; -21; 31; 68; 71; 9; 50; 95; 77; 62; -6; -10; 77; 65; 34; 14; 11; 50; 0; 27; 12; 9; 38; 61; 54; 12; 12; 14; 37; 2; -16; -24; -19; -6; 22; 4; 17; 40; 10; 7; -16; -1; -3; 25; -4; -19; -11; -46; -55; -79; -101; -61; -5; -30; -58; -55; -49; -54; -68; -84; -77; -44; -54; -55; -41; -37; -18; -33; -13; -10; 1; -25; -51; -32; -32; -30; -19; 15; 38; 0; 8; 17; 43; 49; 34; 29; 45; 73; 51; 71; 43; 57; 97; 75; 72; 49; 51; 80; 35; 28; 48; 40; 15; 10; 52; 54; 47; 8; -5; 54; 63; 29; 16; 92; 109; 97; 95; 62; 108; 98; 111; 87; 87; 67; 22; 54; 48; 79; 21; -2; 30; 39; 38; 14; 18; 50; 45; 41; 18; 13; 4; -12; -17; 4; -16; -54; -50; -49; -54; -11; -20; -96; -77; -82; -72; -65; -59; -67; -104; -117; -99; -95; -89; -82; -114; -91; -98; -133; -99; -68; -64; -35; -70; -122; -51; -21; -53; -53; -72; -83; -77; -69; -67; -74; -73; -50; -56; -65; -66; -88; -80; -41; -10; -6; -66; -46; -21; -2; -11; -33; -1; -26; -68; -55; -10; 10; 2; 0; 14; -12; -9; 13; 38; 92; 58; 1; 10; 11; 34; 52; 26; 40; 62; 31; 29; 40; 49; 25; 5; 21; 13; -21; -29; -16; -46; -25; 0; -42; -65; -27; -2; -1; -19; -44; -22; -1; -17; -38; -15; 33; 31; 18; -44; -41; -15; -3; 9; -12; 10; -27; 0; 14; 7; -6; -18; -29; -30; -31; -13; 30; -15; -9; 2; 10; -20; -1; 35; 66; 47; 3; 34; 16; 59; 46; 27; 7; 76; 39; 44; 83; 28; 55; 52; 73; 48; 49; 77; 74; 83; 56; 69; 127; 92; 88; 79; 52; 73; 92; 93; 76; 83; 56; 34; 89; 81; 63; 76; 114; 104; 96; 99; 112; 109; 99; 92; 99; 113; 101; 104; 104; 90; 99; 123; 118; 116; 103; 128; 88; 56; 71; 86; 123; 63; 70; 63; 37; 74; 51; 75; 66; 98; 99; 49; 70; 76; 68; 16; 6; -22; -64; -25; -62; -19; -33; -18; -10; -59; -58; -60; -55; -82; -75; -56; -64; -70; -72; -71; -74; -87; -95; -110; -67; -46; -85; -74; -69; -63; -77; -57; -54; -95; -75; -116; -139; -119; -92; -98; -120; -78; -59; -67; -44; -73; -60; -24; -16; 40; 23; 30; 5; 7; 55; 44; 21; 2; 42; 62; 44; 35; 56; 80; 55; 89; 74; 28; -12; -3; 27; 29; 18; -14; -47; -52; -14; 16; -2; 16; 38; 28; 71; 58; 34; 44; 27; -20; 7; -8; -26; -4; -5; -15; -59; -76; -51; -40; -55; -53; -41; -28; -42; -38; -44; -31; -65; -80; -85; -87; -83; -109; -98; -70; -59; -107; -73; -66; -64; -38; -52; -54; -69; -51; -50; -48; -47; -63; -58; -86; -84; -68; -40; -12; -17; 2; -37; -43; -24; 8; 11; -18; -47; -25; -41; -26; 12; -9; -13; -8; 19; -23; 7; 28; 39; 70; 30; 35; 13; 4; 29; 35; 39; 17; 13; 54; 85; 99; 78; 82; 71; 90; 104; 57; 75; 76; 101; 73; 82; 76; 63; 76; 66; 57; 49; 68; 78; 92; 82; 42; 71; 71; 49; 30; -8; 4; 0; -1; 16; 5; 15; 20; 12; 12; 7; 2; -28; -11; -18; -33; -45; -44; -74; -88; -58; -102; -105; -93; -114; -92; -78; -104; -67; -68; -114; -106; -133; -119; -102; -131; -122; -127; -110; -117; -104; -97; -131; -115; -109; -133; -125; -104; -74; -58; -35; -69; -72; -39; -29; 2; -20; -25; -16; -24; -10; -26; -19; -11; -7; -6; -16; 50; 22; 56; 35; 22; 33; -9; 53; 34; 41; 57; 74; 59; 56; 37; 24; 63; 15; 7; 18; 11; 35; 53; 67; 77; 92; 81; 46; 35; 40; 52; -3; 25; 47; 13; 26; 49; 42; 52; 21; -17; 29; 21; 49; 44; 43; 47; 7; 50; 59; 57; 47; 34; 60; 46; 36; 40; 37; 35; 24; 11; -18; 30; 42; 13; 25; -14; -26; -22; -3; -45; -32; -59; -56; -49; -51; -52; -42; -25; -31; 5; -19; -9; -4; 2; 34; -11; 5; 3; -16; 28; 9; 27; 3; -53; -34; 4; 16; -1; -14; -31; -27; -14; -36; -10; 46; 12; 25; 33; 7; 16; 39; 19; 5; 34; 48; 88; 44; 5; 39; 60; 36; 25; 59; 75; 5; 28; 49; 65; 94; 63; 76; 65; 63; 28; 25; 67; 71; 32; 72; 62; 46; 46; 15; 30; -9; 5; 11; 20; 43; 43; 63; 29; -22; 12; 16; 21; 8; 7; -19; -36; -12; -6; -29; -13; -8; -18; -37; -34; -10; -15; -18; -57; -43; -104; -55; -35; -69; -58; -80; -91; -111; -90; -101; -81; -82; -110; -75; -104; -159; -105; -69; -76; -81; -84; -60; -66; -47; -45; -78; -46; -43; -40; -49; -32; -7; -42; -29; -9; -13; -37; 6; 3; -11; -6; 17; 19; 14; 2; -18; 14; 8; -7; -13; 11; 40; 38; 35; 62; 49; 48; 18; 9; 44; 26; 63; 53; 47; 50; 31; 40; 17; 41; 41; 49; 67; 70; 71; 48; 69; 35; 36; 75; 10; -4; 10; -12; 16; 27; -29; 9; 1; -40; -12; -24; -8; 3; 0; -15; -5; -24; -20; -24; -21; -55; -59; -46; -37; -11; -9; -24; -26; -40; -43; -52; -74; -40; -66; -79; -70; -63; -83; -63; -43; -45; -57; -50; -41; -6; -35; -36; -30; -55; -22; -10; -30; -19; -34; -50; -22; -23; -19; -22; 6; 23; 37; -8; 11; 24; 31; 48; 77; 89; 55; 77; 73; 79; 67; 45; 20; 34; 55; 92; 95; 13; 43; 82; 52; 95; 126; 92; 86; 78; 59; 102; 123; 90; 91; 95; 91; 55; 67; 60; 46; 66; 68; 62; 49; 59; 30; -14; -3; 55; 32; 18; 35; 37; 45; 35; 51; 37; 14; -3; -2; 17; -1; -18; -40; -17; -40; -57; -29; -42; -52; -30; -38; -46; -13; -4; -18; 4; -21; -59; -43; -67; -20; -27; -8; -9; -11; -12; -48; -52; -45; -21; -9; -24; -78; -33; -11; -26; -13; 13; -25; -75; -47; -33; -10; -3; -16; -17; -16; -7; -25; -25; -38; -48; -28; -34; -3; -11; 4; -20; -17; -10; -12; 16; 18; 19; 66; 33; 21; 77; 63; 18; -25; -29; 3; 5; 3; 0; 17; 18; -18; 1; -3; -13; -7; 14; 32; -9; 32; 26; -21; -3; -7; -25; -36; 2; -5; -14; -26; -35; -35; -67; -16; -21; -19; -2; -25; -45; -59; -22; -49; -84; -87; -67; -119; -129; -99; -83; -89; -107; -126; -146; -76; -77; -117; -76; -92; -124; -76; -81; -102; -72; -46; -94; -79; -63; -73; -77; -55; -29; 12; 37; 6; 22; -32; -16; 3; -14; -4; 1; 4; 7; 20; 33; 35; 28; 32; 3; 1; 56; 84; 93; 90; 88; 89; 70; 82; 106; 96; 125; 116; 125; 142; 126; 121; 150; 99; 104; 112; 106; 92; 124; 129; 109; 122; 119; 109; 116; 114; 86; 60; 39; 49; 26; 59; 26; 62; 67; 74; 97; 51; 57; 92; 92; 95; 96; 80; 60; 45; 50; 37; 36; 40; 30; 21; 40; 11; 6; 7; -24; -43; -80; -8; 34; -22; -23; -49; -65; -54; -48; -69; -47; -35; -33; -11; -3; -19; -37; -5; -23; 5; 13; -6; -42; -25; -29; -24; -12; -60; -43; -33; -42; -76; -27; -22; -25; -12; -18; -4; -10; 9; -9; 10; 12; -3; -2; -24; -4; -16; -9; -21; -4; -11; -33; -10; -8; -6; -5; 11; -7; 15; -39; -19; -6; -1; -9; -33; 12; 45; 28; 33; 28; 49; 63; 55; 71; 51; 35; 64; 81; 53; 41; 24; -2; -12; -9; -36; -42; -14; -22; -23; -20; -5; -5; 2; -45; -36; -76; -43; -4; -37; -57; -70; -83; -85; -64; -89; -89; -104; -125; -80; -101; -131; -133; -104; -76; -100; -80; -109; -81; -102; -107; -82; -69; -62; -97; -28; -37; -21; -1; -54; -46; -61; -22; -27; -12; -27; 18; -35; 32; 34; -56; 31; -10; 1; 34; 62; 59; 105; 78; 53; 91; 80; 103; 115; 130; 98; 92; 87; 77; 125; 124; 161; 90; 110; 78; 76; 43; 98; 66; 48; 28; -19; -31; 29; 34; 19; 33; 10; 31; 30; -8; -3; -25; -57; -8; -14; 11; 20; -24; -9; 11; 53; -10; 9; 62; 27; 57; 44; 0; -34; -21; -16; -35; -76; -39; -114; -89; -67; -122; -80; -132; -101; -124; -120; -113; -128; -124; -110; -136; -139; -123; -129; -122; -118; -126; -180; -161; -122; -162; -134; -173; -124; -127; -128; -110; -176; -158; -107; -75; -110; -87; -53; -68; -81; -46; -87; -21; -64; -5; -5; -78; 42; -90; 50; -26; 10; -14; 13; -8; -14; 39; -9; 64; 4; 38; -2; 81; 24; 84; 62; 39; 113; 15; 94; 83; 92; 114; 43; 135; 109; 138; 120; 162; 139; 162; 191; 143; 188; 93; 170; 88; 120; 140; 142; 41; 168; 86; 152; 119; 73; 157; 60; 165; 54; 103; 98; 72; 112; 94; 29; 111; 31; 79; 58; 76; 47; 63; 24; 36; -4; -17; -69; -41; -42; -76; 15; -143; 1; -155; -56; -141; -65; -152; -117; -82; -124; -38; -155; -10; -130; -31; -112; -82; -152; -82; -80; -92; 30; -103; -17; -68; -105; -32; -176; -26; -175; -69; -94; -50; -54; -30; -1; -87; -71; -33; 15; 26; 0; 0; 95; 33; 107; 16; 103; 27; 83; 41; 40; 130; 16; 38; -28; 162; -10; 114; -15; 57; 51; 31; 77; -23; 78; 33; 86; 12; 146; 14; 83; -67; 151; -2; 79; 82; -31; 168; -91; -13; 21; -155; 53; -186; -60; -125; -104; 7; -163; 60; -177; 0; -225; -44; -134; -106; -57; -108; -53; -32; 35; -36; 93; -62; 77; -80; 92; -61; 47; 22; -60; 60; -40; 29; -79; 14; 15; 14; 16; -32; -114; 41; -194; 50; -129; 24; 13; -79; 28; -74; 34; -17; 11; -37; -73; 5; -29; 13; -55; 22; 34; -36; 123; -111; 137; -117; 187; -12; 90; 161; -75; 244; -219; 202; -250; 114; -68; 20; 19; 24; 62; 23; 93; -9; 84; -29; 156; -73; 148; 9; 51; 88; -39; 143; -42; 197; -90; 159; -23; 118; -62; 126; -34; 70; 18; 9; 29; 8; -57; -5; -1; -52; 18; -96; 75; -87; 31; -124; 53; -90; 177; -99; 42; -15; -26; -129; -66; -130; -74; -28; -130; 115; -228; -42; -152; -73; -53; -110; -53; -59; -38; -61; 24; -227; 158; -293; 191; -307; 140; -223; -30; -130; -106; -110; -140; -32; -192; 99; -223; 39; -147; 52; -46; 32; -65; 73; -136; 166; -9; 114; -196; 197; -348; 160; -163; -87; 135; -319; 427; -490; 407; -172; 198; 51; 46; 164; 176; 70; 168; 48; 72; 104; 41; -7; 166; 31; 11; 91; 22; 69; 68; 60; -14; 170; -27; 189; -34; 138; 97; 222; 0; 207; -3; 59; 44; -43; 97; -30; -52; 168; -204; 139; -189; 42; -223; 78; -401; 98; -364; -62; -153; -259; -35; -523; 43; -546; 107; -598; 166; -497; 67; -272; -51; -112; -231; 101; -185; 177; -277; 216; -177; 89; 83; -110; 157; 9; 81; 212; -74; 350; -117; 332; -106; 297; 3; 44; 161; -38; 243; -192; 512; -364; 517; -253; 256; 28; 59; 160; 93; 105; 145; 104; 232; 108; 210; 68; 286; 104; 220; 180; 66; 232; 7; 192; -20; 227; 0; 152; 17; 34; 96; -80; 188; -221; 247; -170; 77; -44; -155; 156; -184; 187; -218; 14; 57; -82; 81; -17; -58; 21; -113; 121; -73; -11; -17; -21; -174; 66; -273; 86; -205; -59; 4; -367; 137; -511; 123; -434; 91; -389; 41; -180; -172; -26; -300; 41; -299; 22; -128; -146; -12; -220; 35; -120; -118; 34; -89; -43; 39; -30; 35; -32; -98; 192; -163; 189; -111; 13; -16; -36; -46; 82; -295; 127; -300; 65; -297; 80; -243; 22; -199; -91; 41; -362; 377; -644; 528; -648; 294; -225; -78; 144; -146; 196; -162; 173; -48; 163; -9; 169; 19; 152; 100; 31; 203; -27; 135; 127; 60; 160; 116; 220; 39; 207; -123; 407; -108; 182; 105; -32; 334; -177; 412; -219; 363; -37; 197; 21; 85; 25; -74; 12; 26; -102; 234; -272; 147; -112; -165; 139; -325; 236; -388; 392; -465; 224; -266; -79; -63; -177; -75; -189; -142; -237; -209; -203; -160; -444; 62; -572; 305; -632; 162; -446; 85; -470; -3; -346; -180; -137; -247; 103; -411; 236; -310; 66; -95; -118; -14; 59; -280; 237; -283; 114; -111; -53; 9; -11; -170; -22; -135; -70; 44; -67; 167; -15; 191; 104; 12; 175; 60; 159; 84; 344; -163; 388; -136; 178; -41; 58; 72; -236; 297; -465; 377; -663; 262; -471; 10; -128; -217; 236; -224; 346; -136; 179; 44; 127; 39; 137; -48; 167; -206; 82; -75; 23; -125; 153; -40; 119; 99; -45; 296; -24; 169; -6; 207; 56; 224; 87; 207; 324; 217; 355; 297; 351; 362; 483; 244; 452; 280; 626; 182; 758; -21; 767; -166; 300; 100; -67; 94; -214; 51; -448; 214; -666; 263; -568; 264; -535; 139; -267; 16; -90; -30; -34; -76; 48; -18; 214; 21; 388; 37; 194; 111; 162; 57; -21; -48; -138; 136; -279; 220; -124; 325; 2; 74; 56; -13; -15; -168; -173; -260; -25; -465; 257; -275; 246; -210; 252; -320; 224; -237; 156; -121; -96; -105; -282; -191; -494; 90; -492; -208; -606; -328; -559; -284; -766; -262; -534; -254; -227; -179; -7; -111; -77; -302; 154; -319; -275; -430; -384; -431; -409; -552; -462; -581; -526; -470; -537; -605; -601; -532; -436; -533; -534; -390; -349; -261; -470; -262; -178; -59; -255; -107; 29; 90; 6; -136; 70; 40; 65; -130; 94; 83; 132; 41; 108; 239; 97; 205; 25; 345; 167; 194; 148; 252; 258; 280; 322; 295; 490; 302; 362; 268; 450; 310; 334; 314; 278; 423; 362; 275; 319; 411; 365; 235; 200; 168; 268; 207; 195; 216; 187; 263; 245; 280; 377; 468; 387; 401; 350; 376; 297; 253; 235; 243; 283; 129; 125; 44; 54; 31; -18; -35; -63; -18; -118; -79; -153; -167; -206; -303; -325; -303; -197; -309; -240; -310; -241; -164; -231; -159; -81; -19; -49; 85; 78; 121; 206; 197; 215; 311; 283; 267; 398; 375; 438; 519; 545; 492; 490; 513; 493; 590; 609; 541; 563; 476; 457; 460; 434; 344; -161; -601; -631; -815; -1133; -1305; -1304; -1218; -1075; -1054; -1053; -984; -788; -768; -891; -746; -744; -624; -592; -665; -591; -459; -467; -341; -126; 67; 200; 325; 442; 594; 680; 674; 737; 827; 1005; 991; 978; 1086; 1329; 1464; 1466; 1530; 1829; 1934; 1633; 950; -216; -137; -416; -1046; -1546; -1453; -1086; -841; -595; -709; -79; 283; 390; 122; 235; 28; -26; -539; -986; -1005; -1513; -1106; -1302; -1024; -791; -355; -120; 27; 83; 45; 219; 68; -20; -154; -209; -314; -227; -97; 110; 331; 679; 960; 1193; 1429; 1498; 1517; 1793; 1595; 1943; 1631; 951; -883; -848; -483; -1590; -1852; -1889; -919; -737; -2; -497; 159; 724; 892; 280; 52; -121; -509; -651; -1140; -1320; -1159; -895; -1505; -702; -261; -182; -81; 165; 167; 167; -75; -471; -469; -320; -440; -541; -224; -116; 38; 202; 460; 678; 913; 885; 1091; 1168; 1223; 1155; 1239; 1382; 1567; 1408; 940; 303; -1032; -279; -813; -1240; -1610; -944; -505; -268; 105; -50; 625; 760; 777; -50; 10; -240; -480; -853; -975; -972; -702; -383; -485; -969; -185; 354; 14; -200; -75; 21; -55; -345; -871; -545; -315; -387; -506; -170; 79; 245; 355; 350; 584; 736; 822; 794; 904; 1079; 1036; 1173; 1335; 1544; 1029; 772; -582; -688; -444; -1131; -1484; -1460; -517; -521; 29; -29; 359; 718; 826; 341; -83; -59; -412; -718; -1021; -972; -900; -475; -416; -140; -704; -103; 358; -17; -98; -242; 21; -202; -322; -766; -552; -212; -279; -208; 134; 409; 562; 758; 762; 898; 1184; 1094; 922; 1138; 1379; 1377; 1510; 1387; 1261; 583; -764; -392; -519; -1073; -1461; -1019; -430; -269; 151; 27; 543; 826; 783; 43; -109; -120; -499; -812; -1113; -851; -675; -300; -393; 25; 27; -635; 381; -131; -298; -510; -292; -478; -508; -629; -868; -406; -322; -232; 9; 317; 345; 568; 607; 582; 752; 816; 790; 946; 1147; 1266; 1442; 1404; 1140; 468; -1006; -345; -697; -1287; -1723; -1085; -621; -396; -12; -105; 506; 859; 754; -109; -89; -231; -525; -1064; -1140; -1050; -663; -494; -393; -143; 450; 402; -845; 79; 33; -379; -635; -611; -426; -259; -501; -843; -308; 119; 168; 221; 550; 649; 975; 861; 741; 939; 1118; 1162; 1297; 1356; 1744; 1454; 1455; 655; -828; -295; -400; -1288; -1725; -993; -578; -483; -14; -67; 497; 902; 804; -68; 29; -12; -471; -979; -1155; -968; -830; -397; -628; -21; 293; 871; -299; -1017; 404; -193; -735; -1098; -545; -521; -373; -970; -821; 44; 238; -22; 168; 670; 779; 902; 630; 769; 1107; 1132; 1210; 1317; 1683; 1624; 1350; 955; -974; -316; -409; -1157; -1915; -1145; -590; -533; -64; -159; 609; 892; 988; -5; 151; 122; -359; -967; -1128; -1002; -884; -597; -642; -179; 496; 677; 605; -1124; 62; 500; -761; -1122; -743; -274; -579; -539; -1146; -56; 274; 134; 23; 787; 896; 937; 830; 837; 1147; 1246; 1309; 1443; 1673; 1806; 1542; 1418; -218; -634; 70; -904; -1715; -1649; -597; -736; -233; -250; 211; 817; 969; 351; -84; 317; -250; -772; -1332; -1091; -1110; -749; -813; -554; 68; 555; 202; -1007; 497; 112; -711; -1022; -727; -697; -700; -915; -1287; -306; -138; -243; -148; 559; 577; 714; 595; 736; 1121; 1004; 968; 1251; 1580; 1698; 1548; 1438; 897; -751; -361; -434; -1364; -1757; -1242; -651; -693; -51; -170; 576; 859; 927; 98; 195; 117; -448; -1008; -1208; -1054; -978; -620; -702; -182; 364; 600; -552; 41; 541; -248; -738; -633; -500; -617; -653; -1069; -569; -71; -102; -128; 456; 736; 814; 888; 952; 1292; 1263; 1210; 1414; 1777; 1870; 1662; 1649; 1339; -393; -465; -113; -1159; -1694; -1385; -630; -709; -76; -97; 451; 991; 1026; 315; 40; 232; -379; -892; -1205; -1091; -971; -684; -677; -376; 251; 710; 525; 333; -1458; 75; 19; -1385; -1437; -818; -444; -905; -744; -1146; 118; 250; 106; 65; 955; 961; 905; 1046; 913; 1373; 1540; 1659; 1638; 1663; 1804; 832; -872; -438; -344; -1439; -1959; -1409; -707; -630; -139; -243; 499; 979; 935; -24; 44; 127; -487; -1083; -1360; -1171; -1052; -691; -738; -208; 323; 904; 512; 698; -1265; -187; 306; -1353; -1378; -926; -283; -915; -477; -1043; 125; 467; 311; 268; 1061; 1278; 1133; 1289; 1161; 1538; 1752; 1903; 1638; 1859; 2010; 870; -898; -181; -361; -1415; -1847; -1226; -647; -455; 104; -165; 649; 1096; 1065; -19; 75; 103; -502; -1087; -1418; -1216; -1039; -662; -842; -246; 359; 948; 444; 719; -1143; -677; 342; -1509; -1688; -1244; -479; -1117; -622; -1102; -195; 423; 244; 178; 820; 1287; 1112; 1279; 1105; 1502; 1963; 1892; 1799; 1811; 1982; 234; -909; -30; -825; -1612; -1920; -918; -928; -140; 17; 38; 728; 1203; 931; -74; 229; -137; -589; -1253; -1318; -1328; -906; -666; -762; -11; 489; 953; 497; 778; -961; -485; 146; -1474; -1580; -1139; -580; -1024; -468; -854; -82; 523; 466; 371; 1048; 1397; 1425; 1517; 1318; 1859; 2231; 2072; 1979; 1926; 1604; -426; -354; -252; -1241; -1777; -1501; -816; -901; 163; -77; 422; 884; 1268; 405; 63; 123; -386; -808; -1284; -1373; -1346; -789; -671; -725; 137; 708; 755; 414; -584; -404; -115; -872; -1757; -1347; -973; -855; -1095; -1069; -519; 92; 202; -4; 530; 1072; 1298; 1222; 1267; 1507; 2097; 1937; 1907; 1941; 1858; 341; -840; -229; -1013; -1576; -2003; -1202; -1052; -265; 23; 84; 665; 1236; 1046; 160; 174; -202; -525; -1150; -1306; -1533; -1033; -675; -632; -230; 413; 924; 766; 1031; -188; -1349; -153; -633; -1904; -1669; -973; -883; -543; -761; -639; 200; 844; 482; 768; 1411; 1667; 1733; 1583; 1947; 2165; 2388; 2274; 1823; 515; -763; -62; -689; -1812; -2004; -1256; -878; -400; 49; 57; 644; 1351; 1114; 198; 65; -20; -399; -1113; -1385; -1578; -1072; -815; -693; -613; 266; 787; 885; 658; 695; -305; -2063; -212; -1307; -1938; -1956; -1094; -966; -646; -474; -870; 385; 700; 856; 804; 1438; 1750; 1849; 2041; 2048; 2144; 2477; 2127; 1017; -1007; -174; -598; -1286; -2241; -1648; -998; -609; 235; -270; 438; 871; 1691; 485; 218; -22; -55; -549; -1064; -1494; -1568; -852; -692; -705; -480; 282; 784; 921; 779; 142; -1697; 89; -393; -1340; -1864; -1220; -888; -857; -466; -1290; -215; 557; 1157; 751; 1387; 1816; 2190; 2401; 2462; 2290; 2551; 2384; 1637; -517; -183; -469; -969; -1768; -1810; -1435; -1339; -81; -519; -114; -38; 1180; 720; 662; 373; 91; -40; -87; -384; -1143; -979; -967; -801; -786; -522; -610; -179; 91; 245; -753; -567; 49; -232; -170; -434; -144; -383; 249; 29; 60; 16; 286; 381; 5; 420; 75; 305; 178; 376; 318; 430; 435; 439; 465; 470; 404; 369; 469; 407; 427; 379; 380; 262; 236; 170; 40; -135; -142; -196; -280; -382; -445; -469; -483; -512; -634; -685; -626; -570; -561; -494; -445; -359; -245; -130; -133; -71; -9; 91; 77; 109; 217; 205; 218; 182; 198; 193; 187; 171; 177; 132; 177; 172; 217; 266; 272; 349; 382; 464; 491; 570; 638; 631; 576; 584; 520; 463; 447; 379; 259; 130; 17; -67; -163; -263; -385; -497; -585; -660; -690; -750; -764; -806; -836; -745; -685; -570; -424; -388; -347; -213; -97; -75; 23; 62; 140; 141; 231; 246; 233; 261; 197; 139; 71; 106; 30; -4; -18; 35; 34; 30; 99; 165; 195; 254; 337; 326; 333; 389; 411; 394; 406; 378; 359; 329; 302; 224; 165; 88; 19; -100; -202; -234; -344; -432; -491; -506; -512; -537; -543; -505; -452; -395; -319; -246; -181; -118; -14; 39; 82; 189; 278; 302; 333; 336; 336; 306; 266; 265; 195; 167; 149; 73; 83; 84; 45; 89; 86; 153; 155; 233; 282; 309; 329; 348; 365; 320; 336; 345; 393; 386; 311; 242; 159; 86; 8; -107; -138; -259; -323; -458; -543; -551; -600; -651; -644; -664; -710; -623; -580; -486; -413; -343; -266; -120; -40; -55; -7; 143; 160; 198; 189; 120; 103; 163; 161; 89; 92; 16; 18; 52; 60; 34; 79; 120; 145; 163; 230; 277; 319; 402; 407; 439; 450; 472; 447; 427; 438; 395; 332; 288; 150; 55; -13; -114; -233; -330; -380; -474; -548; -586; -593; -657; -617; -613; -554; -472; -407; -335; -240; -142; -99; 6; -104; -263; -358; -311; -364; -441; -294; -122; 96; 155; -7; 55; 281; 256; 537; 752; 795; 1080; 1324; 1478; 1730; 1732; 1250; 930; 858; 665; 297; -89; -653; -1092; -1048; -1017; -1194; -1172; -1172; -1193; -696; -240; -25; 165; 222; 311; 507; 669; 598; 214; -120; -276; -436; -486; -610; -874; -998; -973; -1849; -1801; -853; -1227; -895; -528; -1204; -498; -6; -636; -307; -153; -249; 578; 1228; 1471; 1909; 2414; 2958; 3614; 4077; 3965; 2538; 806; 599; -234; -981; -1338; -2549; -3175; -2433; -1695; -913; -253; 110; 363; 959; 1815; 1820; 1285; 685; -82; -656; -574; -991; -1615; -1906; -1794; -1421; -570; 122; 457; 571; 1026; 433; -1059; -159; -642; -1727; -992; -1974; -2392; -1286; -1468; -1127; -461; -149; 734; 1645; 2527; 2871; 3076; 3769; 3836; 4174; 4158; 2999; 913; -764; -1322; -2118; -2287; -2211; -2692; -2524; -1415; -326; 855; 1535; 1739; 1369; 1080; 1162; 706; -138; -870; -1925; -2522; -2294; -2024; -1535; -1159; -684; -102; 532; 1308; 1624; 948; -887; -1122; -1372; -1966; -1206; -1925; -2503; -2014; -1890; -1030; -221; 240; 678; 1124; 2072; 2617; 3068; 3635; 3453; 3525; 3591; 3256; 2389; 263; -718; -1726; -2554; -1948; -1875; -1796; -1330; -893; 88; 850; 1755; 2015; 1240; 983; 302; -349; -540; -1028; -1577; -2092; -2153; -1795; -1346; -362; 148; 292; 501; 43; 55; 127; -280; -410; -1035; -1635; -1873; -1997; -1634; -1448; -1026; -585; -372; 330; 957; 1745; 2473; 2859; 3061; 3309; 3410; 3617; 3439; 2910; 1147; -632; -1479; -2596; -2397; -2052; -1852; -1606; -1278; -559; 82; 1015; 1871; 1579; 1168; 432; -353; -756; -1021; -1243; -1743; -1993; -1947; -1837; -1052; -210; 448; 803; 945; 227; -1681; -1063; -1758; -1811; -776; -1655; -1591; -1829; -1673; -1328; -701; 576; 684; 1744; 2318; 2432; 3407; 3596; 4096; 4127; 3809; 3246; 872; -266; -1370; -2613; -2167; -2252; -1741; -1677; -1025; -244; 56; 1427; 1816; 1753; 1681; 799; 161; -757; -841; -1279; -1667; -1498; -1803; -1642; -1083; -377; 388; 844; 1367; 633; -859; -850; -1846; -1708; -1111; -1306; -1256; -1599; -1526; -1696; -851; 204; 680; 1861; 2149; 2505; 2917; 3231; 3766; 3870; 4071; 3415; 1750; 170; -1130; -2231; -2401; -2092; -1688; -1457; -979; -664; -327; 534; 1200; 1533; 1526; 1055; 131; -649; -1040; -1377; -1441; -1387; -1487; -1586; -1461; -1057; -649; -236; 26; 107; -133; -421; -679; -944; -1041; -1143; -1318; -1416; -1391; -1206; -872; -331; 283; 976; 1650; 2232; 2703; 3079; 3400; 3627; 3702; 3432; 2705; 1218; -109; -1339; -2199; -2225; -1983; -1501; -1161; -650; -300; 44; 707; 1136; 1488; 1480; 1064; 320; -455; -876; -1326; -1318; -1318; -1313; -1284; -1284; -1010; -772; -296; 110; 241; 230; -56; -404; -783; -916; -960; -976; -898; -946; -791; -554; 33; 788; 1596; 2338; 2775; 3182; 3390; 3547; 3546; 3358; 2725; 1236; -126; -1509; -2391; -2566; -2224; -1461; -882; -330; -167; 39; 228; 376; 600; 542; 293; -243; -779; -1167; -1292; -941; -584; -107; 146; 241; 117; 72; -524; -1563; -1624; -2253; -2112; -1886; -1642; -1205; -1426; -1232; -1423; -1093; -678; 69; 1052; 1563; 2234; 2291; 2568; 2855; 3228; 3737; 3814; 3472; 2175; 1008; -162; -812; -880; -633; -144; -221; -335; -795; -1193; -1241; -1156; -805; -814; -793; -1169; -1528; -1546; -1438; -824; -347; 134; 124; -142; -368; -666; -674; -685; -512; -656; -872; -1042; -1334; -1280; -1177; -843; -636; -549; -481; -441; -117; 286; 911; 1481; 1978; 2338; 2570; 2877; 3106; 3330; 3308; 2680; 1744; 699; -104; -593; -651; -367; -209; -168; -437; -734; -1070; -1175; -1090; -968; -862; -956; -1117; -1383; -1362; -1202; -908; -526; -474; -386; -550; -663; -878; -1034; -924; -970; -907; -1054; -1052; -1107; -1058; -873; -760; -475; -337; 28; 367; 801; 1239; 1577; 1958; 2271; 2632; 2940; 3214; 3128; 2604; 1846; 1004; 340; -65; -63; 48; 50; -1; -392; -772; -1091; -1192; -1110; -960; -798; -777; -817; -902; -800; -652; -376; -42; 122; 195; -5; -562; -1328; -1670; -1650; -1463; -1148; -899; -727; -995; -1220; -1370; -1278; -859; -313; 274; 589; 969; 1101; 1250; 1606; 2020; 2531; 2952; 3432; 3613; 3388; 2688; 1842; 1106; 484; 211; 78; 70; -84; -309; -678; -1142; -1333; -1355; -1215; -1119; -1026; -983; -1074; -1018; -909; -644; -442; -202; -55; -31; -589; -1242; -1388; -1524; -1313; -1244; -875; -983; -1232; -1318; -1436; -1212; -937; -411; -150; 141; 371; 527; 811; 1030; 1398; 1733; 2168; 2484; 2738; 2959; 3092; 2930; 2356; 1791; 1169; 603; 234; 179; 114; -74; -245; -559; -893; -1162; -1210; -1148; -1073; -944; -958; -930; -835; -761; -577; -371; -251; -661; -1088; -1346; -1434; -1421; -1233; -886; -877; -888; -1191; -1326; -1307; -1008; -509; -171; 194; 384; 625; 740; 920; 1189; 1444; 1734; 1933; 2196; 2382; 2572; 2737; 2882; 2614; 2117; 1582; 1052; 649; 380; 316; 188; 13; -241; -657; -1038; -1246; -1331; -1265; -1144; -1053; -1011; -977; -971; -931; -831; -695; -698; -1114; -1487; -1644; -1437; -1307; -1050; -850; -989; -1215; -1466; -1468; -1290; -739; -306; -11; 170; 315; 474; 570; 780; 1027; 1306; 1544; 1750; 1960; 2062; 2276; 2375; 2594; 2405; 2020; 1609; 1109; 729; 356; 366; 183; -6; -268; -600; -943; -1170; -1231; -1215; -1081; -1094; -1042; -1020; -990; -913; -921; -1134; -1357; -1313; -1233; -1132; -952; -771; -830; -967; -1075; -1128; -976; -770; -446; -188; -31; 110; 266; 468; 586; 757; 942; 1170; 1272; 1450; 1604; 1687; 1745; 1774; 1862; 1918; 2025; 1837; 1519; 1212; 869; 596; 310; 250; 93; -90; -310; -600; -779; -995; -1039; -1071; -1069; -1094; -1152; -1335; -1482; -1495; -1439; -1379; -1307; -1149; -1090; -1114; -1141; -1113; -1104; -973; -803; -657; -477; -356; -183; -2; 222; 408; 443; 576; 694; 816; 928; 986; 1105; 1201; 1209; 1223; 1285; 1348; 1408; 1440; 1536; 1495; 1301; 1078; 802; 642; 496; 395; 256; 156; 90; -176; -420; -553; -680; -774; -770; -828; -1027; -1248; -1388; -1409; -1347; -1236; -1066; -1024; -1006; -972; -985; -916; -762; -590; -427; -292; -143; 10; 159; 338; 356; 462; 573; 676; 745; 881; 940; 931; 959; 896; 933; 974; 1082; 1059; 1062; 1006; 928; 822; 735; 687; 579; 459; 330; 185; -22; -165; -344; -520; -745; -913; -1080; -1241; -1330; -1400; -1428; -1356; -1325; -1254; -1235; -1172; -982; -888; -753; -590; -444; -242; -81; 12; 225; 387; 508; 612; 676; 787; 874; 917; 911; 897; 938; 910; 908; 913; 904; 909; 908; 917; 890; 830; 732; 673; 601; 549; 432; 320; 235; 104; -5; -126; -299; -413; -531; -696; -819; -957; -1042; -1111; -1181; -1183; -1142; -1166; -1130; -1114; -1152; -1043; -916; -801; -657; -538; -380; -176; -27; 169; 353; 566; 716; 805; 953; 1045; 1111; 1168; 1169; 1185; 1127; 1067; 1050; 972; 937; 867; 753; 622; 532; 486; 348; 285; 171; 124; 66; -49; -127; -205; -269; -335; -329; -375; -460; -553; -577; -591; -625; -648; -676; -634; -636; -631; -603; -618; -600; -513; -443; -444; -414; -354; -278; -196; -112; -32; 40; 85; 245; 271; 347; 493; 597; 696; 732; 856; 916; 1016; 1108; 1197; 1265; 1323; 1409; 1484; 1536; 1541; 1540; 1478; 1397; 1372; 1335; 1222; 1159; 1058; 902; 777; 640; 489; 319; 222; -40; -214; -372; -574; -741; -930; -1120; -1388; -1598; -1801; -1975; -2155; -2279; -2371; -2488; -2564; -2693; -2765; -2844; -2892; -2888; -2856; -2814; -2724; -2602; -2461; -2258; -2053; -1874; -1642; -1407; -1180; -949; -696; -465; -245; 29; 219; 480; 686; 912; 1149; 1355; 1563; 1761; 1901; 2041; 2165; 2316; 2443; 2451; 2505; 2546; 2552; 2523; 2470; 2381; 2253; 2149; 1956; 1763; 1578; 1345; 1126; 863; 604; 414; 211; -19; -170; -337; -492; -610; -728; -825; -871; -868; -872; -819; -761; -751; -688; -560; -468; -343; -142; 21; 171; 310; 461; 566; 717; 785; 847; 978; 993; 967; 907; 847; 732; 675; 617; 567; 470; 368; 276; 132; -30; -165; -272; -409; -469; -609; -674; -730; -895; -974; -1024; -1023; -1075; -1061; -996; -1025; -962; -1008; -1097; -1106; -1083; -1070; -1048; -956; -951; -898; -772; -652; -547; -397; -214; -56; 111; 271; 422; 530; 640; 723; 854; 982; 960; 947; 1005; 1037; 1021; 1051; 1100; 1078; 1033; 990; 971; 942; 880; 849; 838; 769; 726; 634; 515; 495; 385; 240; 157; 120; 45; -22; -92; -180; -254; -323; -369; -424; -404; -390; -359; -381; -441; -462; -541; -650; -727; -769; -820; -818; -860; -924; -940; -965; -947; -940; -972; -940; -918; -976; -946; -901; -834; -756; -706; -632; -560; -450; -308; -137; -36; 67; 169; 285; 310; 399; 401; 371; 415; 413; 470; 489; 485; 482; 499; 478; 458; 428; 401; 348; 365; 347; 351; 363; 314; 278; 215; 247; 249; 183; 70; -47; -132; -197; -288; -336; -384; -433; -448; -486; -505; -553; -559; -603; -612; -585; -595; -568; -505; -487; -445; -404; -336; -288; -191; -20; 28; 139; 283; 420; 492; 556; 741; 776; 821; 906; 946; 1009; 984; 999; 1016; 1009; 1012; 1052; 1030; 1051; 1036; 1023; 1065; 1015; 989; 1019; 974; 938; 872; 834; 723; 600; 569; 487; 356; 231; 138; -11; -70; -168; -296; -438; -482; -532; -639; -633; -683; -772; -797; -842; -906; -921; -921; -863; -840; -849; -809; -746; -779; -741; -647; -625; -612; -597; -553; -552; -537; -557; -516; -492; -441; -383; -399; -353; -299; -258; -239; -188; -96; -53; 11; 119; 150; 258; 295; 309; 366; 386; 413; 460; 510; 469; 506; 535; 562; 570; 584; 669; 618; 597; 542; 421; 328; 307; 262; 144; 70; -27; -108; -242; -315; -347; -369; -395; -436; -509; -546; -598; -700; -722; -811; -894; -920; -940; -924; -961; -964; -976; -991; -951; -850; -737; -668; -534; -391; -284; -239; -125; 30; 100; 166; 271; 337; 371; 405; 492; 562; 650; 710; 791; 898; 957; 1035; 1115; 1188; 1219; 1301; 1385; 1490; 1507; 1502; 1557; 1554; 1512; 1471; 1507; 1435; 1335; 1282; 1196; 1051; 983; 870; 744; 569; 310; 119; -63; -233; -396; -570; -730; -867; -1008; -1050; -1110; -1121; -1138; -1168; -1111; -1078; -1007; -948; -889; -852; -739; -559; -485; -329; -178; -81; -22; 92; 146; 164; 241; 235; 289; 290; 237; 230; 191; 153; 175; 226; 214; 204; 186; 200; 154; 155; 190; 117; 129; 84; 65; 55; -54; -146; -242; -405; -501; -560; -682; -763; -785; -764; -784; -807; -776; -762; -777; -732; -639; -578; -459; -435; -343; -196; -159; -51; 58; 143; 187; 219; 257; 298; 291; 273; 243; 175; 113; 51; -42; -115; -150; -238; -272; -280; -321; -332; -337; -375; -369; -318; -272; -235; -189; -201; -192; -243; -320; -293; -299; -344; -309; -296; -312; -259; -225; -205; -159; -65; 37; 144; 234; 347; 478; 572; 643; 746; 894; 955; 1044; 1147; 1197; 1206; 1159; 1224; 1243; 1256; 1204; 1170; 1126; 1062; 980; 912; 881; 800; 713; 660; 599; 438; 381; 323; 193; 147; 28; -124; -224; -386; -455; -555; -692; -751; -797; -846; -878; -947; -974; -1034; -1014; -1021; -1063; -1044; -1070; -1116; -1213; -1163; -1196; -1196; -1109; -1075; -990; -852; -741; -588; -400; -211; 2; 198; 422; 703; 905; 1102; 1315; 1488; 1629; 1665; 1727; 1706; 1650; 1607; 1474; 1392; 1271; 1115; 913; 710; 551; 389; 221; 44; -137; -310; -421; -524; -588; -703; -716; -716; -734; -733; -686; -574; -478; -367; -299; -228; -208; -221; -151; -99; -100; -95; -136; -177; -199; -244; -307; -333; -383; -481; -573; -629; -704; -835; -876; -920; -952; -977; -935; -879; -826; -775; -709; -594; -539; -433; -321; -235; -189; -126; -93; -55; 46; 65; 66; 112; 166; 163; 191; 294; 333; 415; 480; 568; 625; 586; 576; 572; 561; 529; 438; 379; 294; 263; 251; 182; 135; 58; -26; -15; 7; -22; -26; -25; -3; -4; 53; 64; 96; 181; 259; 341; 449; 566; 590; 693; 750; 780; 813; 812; 830; 811; 784; 764; 715; 628; 553; 515; 439; 423; 413; 352; 310; 272; 274; 211; 179; 204; 148; 134; 115; 99; 85; 2; -15; -23; -71; -134; -183; -251; -314; -394; -525; -592; -695; -749; -795; -894; -1002; -974; -1020; -1064; -985; -874; -808; -737; -645; -505; -358; -299; -185; -85; -3; 79; 148; 193; 195; 194; 197; 181; 198; 200; 215; 231; 174; 133; 83; 104; 102; 33; 31; -37; -21; -59; -37; 5; -2; -13; -24; -38; -31; 12; 41; 47; 66; 86; 62; 68; 55; 51; 76; 112; 137; 68; 59; 71; 63; 30; -33; -8; -49; -90; -97; -104; -106; -175; -180; -256; -277; -311; -345; -417; -461; -513; -592; -593; -654; -712; -776; -782; -778; -781; -781; -710; -680; -606; -500; -397; -225; -105; 37; 194; 353; 489; 643; 824; 931; 1030; 1090; 1181; 1226; 1229; 1227; 1197; 1139; 1133; 1052; 962; 860; 722; 675; 586; 475; 392; 310; 238; 156; 27; -8; -74; -122; -201; -236; -252; -314; -358; -331; -314; -362; -308; -264; -233; -194; -145; -133; -92; -45; -7; 12; 40; 27; -6; 16; 39; 45; 28; 21; 15; 60; 71; 115; 136; 181; 208; 172; 167; 156; 132; 87; 91; 84; 72; 81; 53; 36; 61; 48; 45; 22; 73; 137; 154; 190; 201; 194; 146; 142; 157; 155; 166; 220; 204; 232; 236; 204; 214; 213; 231; 203; 164; 168; 162; 158; 156; 172; 166; 166; 183; 177; 227; 229; 224; 234; 265; 257; 231; 216; 195; 198; 149; 23; 42; 30; -80; -125; -144; -224; -281; -329; -376; -391; -463; -471; -523; -550; -535; -519; -562; -566; -548; -533; -558; -540; -457; -407; -373; -305; -303; -292; -141; -96; -32; -20; 67; 110; 157; 232; 225; 240; 274; 307; 308; 310; 253; 258; 296; 257; 237; 182; 153; 121; 57; 7; -46; -127; -195; -200; -263; -306; -335; -405; -441; -478; -500; -506; -480; -484; -501; -515; -515; -490; -492; -474; -450; -419; -421; -379; -298; -268; -191; -144; -95; -88; -17; -6; -16; 64; 108; 137; 137; 167; 206; 210; 189; 211; 218; 243; 237; 222; 272; 315; 272; 250; 340; 312; 268; 237; 239; 222; 207; 193; 175; 183; 173; 180; 164; 214; 247; 245; 268; 310; 334; 367; 412; 374; 372; 381; 417; 390; 336; 349; 304; 289; 261; 254; 173; 133; 93; 86; 75; 42; 37; -9; 25; 24; 59; 96; 141; 184; 233; 283; 365; 422; 427; 478; 478; 485; 507; 486; 473; 460; 425; 418; 382; 342; 309; 240; 187; 105; 56; 6; -64; -120; -220; -270; -348; -424; -509; -602; -676; -698; -746; -813; -865; -876; -888; -852; -853; -936; -874; -816; -775; -712; -652; -575; -476; -420; -356; -264; -149; -54; 28; 133; 206; 267; 363; 463; 555; 647; 713; 758; 793; 859; 852; 800; 813; 811; 763; 702; 672; 584; 543; 486; 427; 389; 279; 248; 179; 133; 99; 54; -1; -44; -55; -141; -224; -240; -304; -350; -340; -419; -435; -462; -520; -545; -553; -596; -625; -629; -620; -592; -567; -541; -517; -464; -434; -413; -348; -268; -226; -204; -144; -129; -102; -71; -53; -9; -21; -63; -17; -1; 15; 42; 43; 58; 59; 91; 110; 113; 122; 172; 208; 230; 257; 310; 320; 340; 367; 368; 377; 398; 428; 384; 372; 368; 349; 303; 308; 257; 193; 185; 160; 104; 61; 16; -27; -52; -50; -84; -103; -69; -100; -110; -95; -90; -110; -111; -130; -130; -133; -128; -74; -89; -99; -113; -105; -80; -88; -132; -131; -112; -23; 26; 60; 108; 111; 163; 140; 170; 184; 212; 231; 241; 269; 254; 326; 290; 270; 274; 266; 282; 277; 254; 260; 248; 225; 210; 192; 197; 145; 97; 46; 11; -32; -38; -83; -95; -48; -65; -101; -107; -92; -85; -85; -69; -84; -90; -62; -119; -81; -59; -89; -57; -53; -56; -86; -74; -46; -71; -67; -110; -129; -118; -137; -146; -150; -178; -166; -190; -192; -165; -199; -141; -130; -80; -63; -110; -69; -10; 4; 24; 25; 35; 51; 9; -4; 19; 39; 14; 22; 61; 53; 70; 82; 34; 85; 110; 71; 63; 98; 154; 176; 197; 233; 223; 251; 265; 216; 241; 208; 195; 197; 144; 127; 64; 46; 9; -34; -106; -152; -131; -162; -208; -241; -300; -295; -303; -318; -313; -319; -320; -334; -301; -272; -241; -218; -206; -191; -161; -133; -104; -96; -95; -106; -80; -112; -91; -93; -96; -129; -163; -164; -145; -150; -177; -170; -213; -210; -223; -219; -238; -280; -297; -261; -240; -272; -235; -259; -257; -197; -155; -193; 93; 289; 239; 274; 264; 274; 236; 272; 263; 279; 252; 283; 303; 300; 311; 280; 284; 250; 264; 236; 260; 250; 239; 193; 196; 204; 199; 185; 174; 213; 178; 160; 94; 145; 140; 97; 140; 69; 66; 82; 74; 70; 48; 41; 9; -20; -24; -19; -11; -12; -21; -24; -46; -39; -32; -93; -59; -57; -67; -81; -114; -41; -46; -53; -36; -57; -50; -5; -29; 0; -3; 2; 61; 36; 54; 64; 55; 85; 70; 62; 37; 71; 88; 59; 100; 120; 20; 24; 123; 96; 92; 66; 95; 107; 88; 93; 75; 80; 70; 66; 66; 72; 92; 116; 118; 111; 103; 107; 91; 63; 91; 100; 108; 115; 106; 137; 117; 86; 124; 131; 106; 115; 115; 106; 74; 66; 46; 58; 74; 89; 105; 80; 75; 77; 89; 92; 110; 83; 35; 69; 56; 44; 73; 80; 63; 19; 25; 50; 24; 4; -13; 12; 16; -12; 14; -1; -13; 4; 17; 1; -27; -24; -23; -52; -64; -75; -94; -46; -77; -63; -62; -64; -76; -108; -94; -119; -122; -113; -113; -105; -117; -140; -134; -113; -97; -88; -59; -52; -46; -42; -39; -33; -48; -5; 15; -28; -27; -17; 16; 25; 12; 45; 10; 5; 34; 21; -2; 22; 29; 20; 24; 38; 93; 70; 66; 95; 91; 107; 94; 88; 49; 38; 88; 51; 70; 98; 102; 86; 121; 117; 124; 95; 77; 87; 69; 82; 45; 14; -7; -1; 31; 36; -2; 0; 6; -51; -41; 15; -18; 20; 19; -12; -8; -15; -9; -22; -35; -48; -42; -44; -35; -35; -20; -23; -54; -38; -64; -82; -61; -70; -41; -66; -63; -42; -77; -86; -82; -53; -92; -41; -70; -76; -57; -65; -34; -62; -40; -18; -9; 5; -16; -21; 3; -25; -19; 4; -8; 5; 19; 23; 40; 68; 42; 68; 108; 65; 129; 90; 105; 73; 60; 104; 96; 139; 107; 113; 95; 116; 109; 125; 93; 86; 129; 103; 130; 123; 95; 114; 132; 118; 144; 160; 164; 177; 162; 188; 181; 164; 151; 137; 127; 115; 130; 150; 175; 162; 145; 142; 124; 149; 144; 95; 59; 68; 99; 121; 92; 73; 69; 49; 56; 42; 39; 26; 33; -19; -24; -33; -40; -32; -39; -38; -65; -93; -54; -45; -66; -54; -74; -49; -65; -84; -83; -77; -103; -85; -58; -64; -68; -2; -13; -50; -31; -56; -84; -47; -44; -39; -16; -12; 0; -29; -5; -40; -34; -13; -92; -76; -48; -3; 5; -12; -31; -63; -24; -39; -14; 50; 25; -4; 27; 19; 15; -2; 26; 87; 37; 29; 51; 40; 39; 99; 72; 45; 47; 63; 53; 48; 66; 47; 33; 37; 41; 42; 26; -3; 27; 21; 1; -2; 8; 0; -3; -18; -18; -20; -38; 4; -22; -22; -17; -38; -38; -36; -18; -10; -40; -30; -41; -75; -48; -71; -76; -84; -58; -65; -90; -69; -92; -99; -80; -88; -93; -119; -96; -72; -139; -91; -78; -95; -56; -37; -44; -71; -43; -62; -79; -55; -53; -63; -88; -95; -59; -66; -70; -28; 7; -22; -1; -5; 44; 46; 26; 56; 55; 74; 57; 46; 15; 57; 50; 51; 19; 6; 43; 51; 89; 75; 107; 97; 73; 84; 76; 71; 69; 100; 91; 105; 120; 129; 156; 125; 162; 138; 120; 146; 117; 110; 99; 95; 108; 113; 112; 115; 117; 78; 81; 63; 59; 68; 47; 68; 77; 33; -12; -28; -22; 14; 4; 25; 14; 16; 20; 56; 44; -9; 1; -10; -24; -30; -60; -38; -31; -49; -47; -31; -93; -139; -76; -96; -95; -97; -109; -113; -102; -116; -63; -85; -124; -96; -85; -89; -113; -90; -121; -139; -124; -128; -74; -52; -55; -31; -53; -36; -42; -34; -69; -30; -15; -54; -19; -34; -17; -42; -46; -20; -11; -31; -48; -9; 17; 13; 18; 32; 26; 45; 76; 69; 72; 25; 29; 65; 39; 48; 66; 34; 0; 54; 88; 109; 63; 73; 76; 67; 63; 72; 58; 38; 45; 9; -6; 24; 75; 54; 40; 39; 38; 58; 60; 63; 63; 22; -38; -9; 34; 57; 38; 24; 38; 2; -8; 24; 1; -5; -12; -22; 10; -15; -14; 35; 8; 20; 17; -52; -13; -29; 26; -16; 2; -10; -56; -32; -57; -77; -67; -13; -28; -24; -50; -48; -34; -32; -40; -34; -62; -16; -2; -2; 9; -9; -6; -6; -12; -27; -8; -4; -27; -37; 1; -25; -10; 5; 20; 50; 67; 37; 44; 32; 15; 46; 49; 19; 26; 27; 29; 64; 56; 69; 90; 108; 81; 77; 73; 86; 101; 73; 74; 22; 44; 19; 21; 43; 25; 28; 58; 59; 37; 42; -3; 15; 40; 47; 41; 28; 6; 39; 42; 35; 0; 20; 23; 20; 29; 1; 3; 22; -1; -12; 22; -31; -33; -54; -56; -11; -5; -27; -44; -41; -36; -67; -81; -36; -46; -41; -25; -103; -123; -77; -62; -76; -69; -77; -21; -34; -57; -26; -24; -8; -16; 9; -2; -90; -77; -32; -32; 2; 6; 35; -8; -18; 12; 10; 27; 32; 26; 13; -30; -2; 45; 44; 36; 62; 61; 55; 62; 54; 92; 109; 78; 63; 71; 108; 107; 105; 110; 94; 111; 124; 101; 78; 127; 136; 103; 64; 75; 94; 81; 69; 109; 103; 68; 56; 57; 67; 53; 27; 65; 42; 1; 57; 31; 28; 27; 3; 14; -2; -66; -12; 12; -23; -3; 17; 59; 27; 19; -18; -18; 9; 1; -1; -33; -36; -21; -19; -11; -29; -94; -105; -77; -58; -90; -54; -73; -90; -50; -70; -47; -62; -35; -33; -46; -36; -32; -28; -48; -34; -35; -26; -70; -51; -11; -44; -45; -44; -12; -15; 1; 22; 8; 22; 31; 29; 42; 51; 38; 17; 21; 54; 31; 30; 63; 50; 53; 64; 64; 74; 62; 54; 61; 34; 58; 51; 48; 107; 99; 87; 42; 38; 34; 18; 42; 78; 90; 28; 36; 31; 4; 48; 34; 65; 51; 63; 61; 22; 22; -19; 13; 9; 9; -25; 1; -10; -55; 5; 9; -28; -27; -37; -13; -2; -39; -54; -113; -54; -61; -71; -73; -75; -66; -61; -79; -75; -85; -94; -114; -119; -109; -111; -96; -122; -66; -85; -131; -110; -127; -150; -127; -91; -82; -149; -134; -102; -112; -75; -66; -42; -64; -52; -64; -58; -35; -49; -52; -80; -13; -40; -49; -61; -53; -20; -52; -16; 27; 71; 12; -9; -2; 45; 51; 71; 91; 65; 101; 60; 43; 98; 69; 89; 115; 89; 102; 98; 108; 118; 109; 122; 109; 60; 71; 98; 81; 79; 112; 107; 101; 80; 60; 80; 75; 107; 83; 77; 96; 80; 48; 66; 46; 0; 14; 29; 35; 28; 53; 35; -41; -11; -15; -4; -8; 24; -1; -37; -4; -23; 9; -34; -28; -3; 21; -13; -31; -30; -42; -1; -5; -24; -78; -36; -35; -27; 2; -10; -3; -29; -16; 3; -5; -37; -45; -25; -11; -15; -33; -30; 17; -26; -34; 19; 23; 7; 32; 20; 18; 27; 29; 58; 40; 40; 24; 25; 6; 6; -23; -12; 32; 48; 28; 38; 60; 67; 62; 52; 58; 63; 80; 66; 73; 78; 47; 55; 29; 30; 71; 59; 2; 12; 25; 45; 46; -5; 18; 12; 27; 39; 51; 22; 8; 3; -34; -1; 8; 10; 20; 31; 1; -31; -46; -25; -17; -18; 13; -11; -24; -50; -28; -60; -85; -45; -79; -100; -91; -66; -79; -130; -120; -90; -131; -134; -158; -138; -130; -114; -113; -148; -128; -125; -85; -94; -82; -87; -89; -42; -98; -105; -66; -70; -48; -64; -86; -56; -22; -37; -27; 23; -11; -16; -17; -34; -15; 6; 7; 34; 14; 14; 50; 29; 26; 23; 51; 54; 52; 74; 87; 81; 68; 104; 110; 142; 145; 104; 135; 134; 119; 91; 129; 149; 102; 92; 78; 126; 99; 62; 55; 54; 75; 88; 75; 53; 63; 54; 73; 79; 68; 94; 75; 58; 53; 45; 58; 35; 42; 32; -9; 34; 27; -4; 29; 15; 27; 27; 10; -10; -29; 11; 21; 30; 22; -7; -26; -23; -38; -46; -32; -65; -32; 1; -55; -40; -35; -36; -51; -45; -67; -116; -88; -65; -58; -67; -67; -62; -63; -49; -63; -32; -70; -35; -24; 1; -4; -42; -10; -26; 4; -28; -25; -36; -73; -28; -1; -42; 29; 18; 18; 25; 43; 22; 8; 50; 38; 56; 37; 36; 19; 61; 55; 78; 75; 81; 88; 100; 99; 89; 107; 82; 111; 75; 86; 45; 42; 94; 101; 88; 101; 103; 87; 107; 52; 88; 73; 83; 61; 52; 86; 59; 61; 67; 75; 70; 57; 45; 60; 40; 52; 43; 45; 12; 50; 27; 50; 6; -64; -3; -35; -29; -41; -68; -48; -40; -24; -32; -68; -20; -36; -60; -78; -48; -49; -74; -97; -56; -22; -9; 31; 0; 1; -22; -23; -10; -19; -14; -16; -47; -62; -47; -20; -13; 6; -1; 16; 43; 42; 46; 33; 36; 64; 31; 36; 84; 87; 65; 62; 75; 53; 56; 108; 114; 85; 75; 104; 92; 118; 145; 81; 64; 63; 94; 127; 136; 125; 117; 108; 77; 98; 81; 41; 94; 71; 79; 62; 67; 76; 66; 45; 61; 66; 48; 40; 53; 46; 31; 48; -11; 1; -29; 2; -14; -29; -28; -42; -3; -41; -3; -13; -39; -24; -19; -61; -67; -37; -62; -65; -74; -49; -70; -64; -36; -87; -98; -59; -56; -43; -66; -50; -48; -71; -82; -75; -81; -88; -95; -72; -81; -74; -51; -73; -52; -45; -26; -14; 4; -27; -33; -18; -12; 0; 14; 25; 10; -45; -49; -24; -30; -68; -25; -7; -38; -38; -10; -7; 25; 5; -44; 12; 65; 57; 73; 105; 78; 99; 95; 113; 118; 125; 124; 125; 106; 70; 65; 105; 139; 60; 106; 120; 65; 57; 63; 65; 31; 73; 31; 72; 22; 23; 48; 46; 51; 9; 37; 36; 16; 32; 16; -53; -45; -30; -15; -24; -24; -25; -28; -40; -60; -23; -46; -55; -39; -54; -45; -84; -80; -78; -87; -116; -118; -66; -91; -105; -104; -125; -112; -83; -87; -93; -71; -63; -46; -65; -82; -53; -80; -73; -55; -67; -46; -37; -26; -5; -25; -27; -21; -28; -25; -8; -27; -30; -26; -43; 0; -19; -1; 17; -16; 35; 17; 23; 5; 4; 50; 44; 57; 47; 59; 94; 53; 78; 85; 71; 99; 68; 60; 52; 65; 61; 105; 69; 61; 82; 11; 44; 64; 48; 57; 73; 79; 74; 88; 87; 52; 54; 61; 57; -1; 6; 35; 18; 11; 35; 19; 20; 53; 25; 36; 50; 33; 12; 47; 37; -3; 1; 36; 9; -13; -5; -32; -12; -28; -34; -25; -38; -40; -51; -15; -33; 0; -30; -81; -78; -76; 5; -35; -34; -37; -38; -13; -14; 1; -11; 31; 34; 30; 40; 42; 16; 9; 32; 37; 6; 27; 40; -13; 20; 60; 95; 56; 80; 86; 68; 89; 81; 97; 101; 115; 39; 81; 97; 58; 72; 87; 104; 105; 94; 83; 90; 84; 81; 101; 121; 93; 106; 99; 73; 35; 66; 62; 64; 82; 59; 74; 34; 71; 46; 31; 32; -1; 28; -3; 0; 37; 32; -1; -36; -36; -4; -23; -14; -21; -35; -3; -19; -9; -40; -56; -69; -72; -30; -65; -97; -83; -100; -96; -68; -59; -119; -94; -88; -94; -112; -152; -113; -125; -103; -138; -124; -101; -120; -103; -116; -80; -105; -99; -93; -128; -95; -112; -91; -105; -108; -91; -76; -65; -52; -30; -54; -72; -67; -69; -99; -48; -37; -41; -19; 4; -34; -37; 13; 12; 17; -6; -36; -18; 17; 30; 19; 23; 19; 55; 62; 59; 71; 49; 93; 103; 104; 127; 124; 101; 68; 77; 94; 88; 61; 76; 91; 103; 89; 79; 80; 64; 76; 87; 68; 79; 91; 69; 70; 31; 36; 7; 28; 18; 30; 26; 19; 35; -15; 6; 3; 11; 14; 53; 24; 61; 54; 12; 48; 30; 19; 16; 31; 6; -3; 25; 1; -23; -19; -19; -13; 0; 0; 14; 12; -11; 6; 19; 20; 23; 46; 10; 1; 1; -2; 48; 14; -5; -14; 28; 39; 53; 95; 57; 81; 96; 80; 50; 80; 45; 12; 38; 22; 54; 61; 79; 69; 51; 57; 46; 29; 54; 61; 63; 90; 81; 70; 61; 60; 36; 54; 88; 59; 62; 85; 62; 75; 80; 79; 69; 52; 61; 27; 20; 38; 19; 52; 44; 81; 72; 74; 76; 52; 69; 47; 55; 18; 13; 3; -21; -53; -11; -21; 28; 24; -19; -9; -33; -7; -8; -14; 1; -4; -66; -35; -19; -49; -30; -35; -52; -39; -36; -35; -66; -91; -58; -57; -56; -73; -94; -114; -123; -106; -56; -54; -97; -104; -109; -119; -111; -108; -117; -105; -97; -97; -107; -138; -118; -89; -101; -125; -100; -58; -67; -59; -51; -32; -9; -11; -31; -39; -4; 16; 4; 2; 1; -30; 1; -4; 10; 11; 39; 57; 37; 82; 92; 101; 91; 104; 98; 125; 99; 84; 91; 92; 39; 37; 77; 65; 82; 67; 74; 50; 76; 75; 45; 44; 58; 69; 52; 47; 45; 41; -5; 20; -1; 8; 14; -8; -36; -58; -44; -12; 12; 13; 13; 23; -8; -27; -14; 6; -7; -43; -14; -33; 2; -32; -20; -11; -21; -38; -53; -12; -22; -31; -30; -22; 10; -7; -24; -35; -25; -2; -29; -58; -48; -17; -5; -19; -15; 23; -9; -12; -2; -19; 29; 19; -4; 7; -22; 31; 47; 27; 13; 42; 25; 19; 28; 32; 39; 34; 65; 21; 38; 41; 54; 44; 49; 34; 57; 79; 84; 69; 52; 48; 34; 102; 87; 70; 74; 5; 65; 71; 49; 36; 3; 26; 6; 43; 19; -19; 16; -8; -38; -18; -29; -20; -14; -18; 6; -12; -52; -48; -5; -12; -32; -53; -55; -53; -99; -64; -58; -46; -37; -26; -13; -47; -37; -58; -52; -45; -56; -58; -16; -47; -55; -39; -81; -51; -73; -61; -73; -55; -44; -56; -90; -66; -45; -47; -41; -102; -99; -84; -33; -64; -51; -50; -77; -54; -70; -37; 5; -23; -19; 15; -15; 5; -13; -26; -37; -50; -21; 12; 22; 30; 18; 27; 3; 11; 3; 12; 41; 30; 68; 61; 58; 57; 98; 67; 73; 102; 127; 145; 133; 183; 126; 106; 121; 117; 90; 57; 43; 62; 41; -13; -16; 7; 21; 28; 36; 33; 21; 26; 25; -1; -2; 16; 32; 4; 7; 15; 31; 15; 22; 18; 38; 19; -9; -10; -18; -5; -39; -36; -64; -21; 9; 35; 2; -24; 13; -2; -36; -24; -24; -53; -44; -11; -25; -34; -38; -115; -59; -22; -15; -37; -21; 7; -10; -20; -33; -18; -18; -5; -11; -7; -74; -65; 13; -12; 0; 12; 0; 11; 22; 28; 30; 25; -5; 35; 36; 32; 29; 26; 31; 30; 44; 41; 52; 63; 52; 47; 60; 72; 89; 73; 68; 92; 70; 94; 96; 88; 121; 88; 63; 85; 100; 55; 72; 40; 55; 38; 17; 37; 18; 25; 10; 26; 0; 36; 33; 30; 32; 2; 30; 18; -3; 16; 24; -2; -29; -67; -49; -37; -52; -57; -65; -65; -47; -9; -63; -40; -69; -86; -59; -54; -70; -72; -82; -78; -24; -72; -127; -140; -122; -94; -66; -76; -85; -75; -82; -61; -91; -55; -79; -87; -76; -75; -49; -90; -62; -59; -92; -86; -75; -67; -42; -45; -42; -87; -68; -30; -36; -33; -4; -19; -31; -18; -29; -13; 0; 13; 25; -8; -13; 46; 33; 34; 22; 25; 55; 42; 47; 52; 44; 52; 37; 66; 104; 78; 65; 42; 85; 45; 15; 9; -22; 57; 54; 49; 12; 26; 52; 44; 59; 69; 37; 16; 45; 47; 30; 8; 60; 23; 22; 31; 28; 42; 61; 66; 67; 45; 31; 36; -15; 19; 31; -13; 37; 12; 36; 63; 40; 17; 34; 40; 16; 47; -1; 0; -17; -2; -23; -61; -15; -10; -15; -15; 9; 21; -11; -3; 3; 24; 17; -3; 0; 34; 43; 3; 16; -4; 21; 48; 35; 13; -40; -6; 40; 20; -7; -56; -5; -8; -18; 32; -10; 9; 20; 37; 25; -34; 10; 18; 24; 68; 47; 24; 21; 89; 85; 53; 82; 29; 39; 66; 81; 59; 58; 90; 71; 71; 46; 17; -6; 12; 37; 29; 75; 51; -5; 24; 30; 25; 0; -4; -18; -9; -3; -27; -13; 14; 27; -14; -38; -43; -41; -3; -10; -16; -8; -16; -10; -48; -85; -94; -84; -98; -95; -91; -85; -72; -50; -28; -54; -80; -113; -61; -72; -99; -106; -148; -110; -76; -60; -97; -81; -69; -43; -36; -59; -57; -44; -22; -39; -13; -25; -40; -54; -14; -8; -27; -19; -25; -19; -44; 2; -12; -18; -13; -9; -19; -58; -24; -32; -11; 10; -10; -16; 17; 2; 15; 39; 36; 68; 64; 47; 55; 45; 28; 59; 58; 42; 49; 71; 54; 32; 67; 19; 24; 35; 20; 61; 76; 26; 35; 21; 23; 48; -19; 8; 46; 46; 49; 28; 30; 53; 50; 37; 47; 27; -14; 10; 12; -1; 26; 7; 23; 2; 19; 22; -31; -11; -15; 16; 2; 6; 14; -15; -8; -14; -48; -66; -35; -70; -67; -4; -29; -33; -23; -55; -63; -15; -11; -62; -21; -20; -3; 11; 37; 28; 10; -12; -6; 1; 3; -8; -29; 26; -1; 27; 30; 34; 26; -6; 28; 37; 35; 49; 38; 42; 47; 57; 60; 48; 47; 60; 67; 62; 56; 51; 42; 66; 53; 42; 67; 34; 57; 56; 78; 60; 11; 38; 49; 55; 15; 48; 57; 29; 49; 53; 55; 37; 13; 12; 3; 11; 8; -1; 10; 6; 12; 12; -27; -12; 7; -14; -52; -41; -40; -45; -21; -34; -37; -39; -26; -21; -25; -52; -55; -40; -53; -42; -23; -38; -72; -88; -81; -118; -109; -64; -123; -92; -75; -84; -84; -80; -45; -66; -37; -67; -22; -31; -37; -41; -44; -29; -61; -27; -21; -1; -24; -11; -2; -22; -12; 0; -4; -13; 21; 18; -52; -60; -15; 12; 33; 28; 93; 39; 56; 37; 30; 74; 71; 57; 28; 78; 46; 66; 66; 70; 104; 127; 124; 140; 114; 125; 124; 162; 137; 97; 95; 54; 77; 102; 60; 85; 105; 72; 116; 81; 60; 67; 57; 62; 75; 71; 50; 23; 38; 48; 17; 51; 32; 20; 26; 20; 1; -7; -24; -51; -34; -65; -41; -35; -3; -27; -1; 23; -13; 12; -25; -35; -38; -71; -40; -27; -27; -30; -39; -29; -72; -49; -47; -20; -22; -40; -27; -21; -8; -20; -60; -18; 30; 32; 29; -26; -42; -14; 3; 46; 15; 36; 23; 31; 56; 7; 47; 17; 7; 63; 97; 66; 55; 14; 33; 28; -13; 3; 17; 55; 23; 12; 62; 61; 78; 90; 87; 94; 76; 89; 99; 62; 85; 114; 104; 101; 101; 55; 42; 75; 76; 89; 107; 72; 76; 79; 25; 16; 32; 24; 15; 51; 42; 30; 19; 10; 28; 44; 58; 0; -40; 11; -3; 5; 0; 18; 6; -7; -7; -45; -44; -79; -71; -72; -105; -119; -114; -95; -111; -90; -107; -113; -103; -94; -60; -47; -49; -67; -79; -64; -74; -75; -39; -96; -93; -77; -41; -19; -31; -23; -28; -66; -59; -51; -57; -38; -33; -12; -9; 25; -17; -29; 5; -8; -2; 46; -12; -15; 11; 5; 36; 55; 63; 23; 28; 71; 47; 20; 49; 67; 30; 42; 53; 61;  ];
